	0
	1	9
ȷ	1
	3
characteristics	4
algorithms	4
Finally	4
interesting	4
ս	5
Ϊ	6
	6	21
	6	20
	7
Bell	8
10	10
ʾ	10	15	16	17
־	10
input	11
performance	11
״̬	12
Ҷ˹	12	25	26	29
Machine	14	15	16	17
	14
ģ	14
˳	14
϶	14
һ	14
ȡ	14
	14
	14
	15	16	17
IH Witten	15	16
	18
̽	20
	20
	20
	21
㷨	21
ͬ	23
ʶ	23
ǿ	23
ʵ	23
ִ	24
ж	24
	26
Ӿ	29
չ	29
	0	4	5	8	10	21	29
SVM	1	8	14	26
䱾	1
Чʸ	1
ں	1
һ	1	3	8	11	22	27
Խ	1
	2	15	16	17
Ԥ	3
ض	3
ʺ	3
Therefore	4
paper	4	11
strategies	4
	4	21
	5	25	26
Ȩ	7
	7	12	14	20	21	23	28
	10	14	20	23	25
segmentation	11
Chinese	11
efficient	11
addition	11
	12
	12
ͳ	13
֮	14	23	24	26
ģ	14	24
	14
ȡ	14	19	24
Ѱ	14
	15	16	17
	15	16	17
E Frank	15	16
	19	27
	19
,	19
Discovery	20
	20
ת	20
	21
	21
ҵ	21
ݴ	21
	23
	23
ź	23
	23
ʵ	23
	24
̬仯	24
	25
IDF	26
Ϣ	27
	29
	29
ʱ	0	24
	1	12	14	22	26
	1
	1
Դ	2
	3	27
δ	3
	3	7	8	14	19	25	26
state	4
	5	14
չ	5	6
	5
ʵ	8
ǿ	8
Machines	8
͢	8
ԭ	9	18
ѧ	10
ѧ	10
ά	10	14
fundamental	11
ration	11
WORD	11
GRAM	11
	12
˲	12
Ŀ	14
Ŀ	14
BSS	14
޳	14
	14	28
Double	14
ɹ	14	29
Ӱ	14
	14
	15	16	17
	15	16	17
	15	16	17	21
H I.	17
	18
ɿ	20
	20
ж	20	25
ԽԽ	21
	21
ת	21
ѵ	23
	24
鿴	25
	26
	27
㷨	1	3	4	5	6	7	8	11	12	14	18	21	22	24	26	27	28
˷	1	14
	2
	3
ά	3	14
ϻ	3
industry	4
data	4
volume	4
չ	5	29
ѧ	6
WEB	6
ض	7
з	7
רϵͳ	9
	10
ʽ	10	24
ǿ	10
consists	11
character	11
	12
ANN	14
Ŀ	14	24
	14	18	23
	14
QP	14
°	15	16	17
Techniques	15	16	17
ݿ	20	23
洢	21
ѧо	21
	23	29
ۺ	23
ģʽ	23
	23	24	27
Ƶ	23
ṩ	24
	24
	24
·Ʒ	24
Ͽ	27
Ĳ	29
	0	2	5	6	9	10	14	15	16	17	20
ƽ	1
ѵ	1	14
	1	23
ģ	1	3	5	6	9	11	12	23	24	26	27
³	1	23
	1
	2	14	23	27	29
ͼ	3
	3	14	19	21	24
׷Դ	3
ʷֲ	4	21
Ϣ	5	6
	5	14	29
	7
	10	12	14	29
field	11
ALGORITHM	11
LEARNING	11
Τ	11	27
ͳ	14	18	21
SV	14
	14
ECC	14
	14
Ԥ	14
	14
	14
У	15	16	17
Practical	15	16
Witten	17
״	18
Knowledge	20
	20
	21
ҵ	21
	21
	23
	23
	23
MPEG	23
	23
	24	27
	24
	25
	29
ͳ	1	7	14	22	28	29
	1	14
	1	22	27
ȸ	1
ƽ	1
ƽ	3
	3
Ż	3	14
Ȥ	3
	3
attention	4
focus	4
ľ	4	21
ؼ	5	18
ݼ	7
Vector	8	14
	9
	9
information	11
discussed	11
LANGUAGE	11
Wei Gang	11
	12	15	16	17	23	29
ӳ	12	14	23
̬	12	24
	13
Theory	14
˹	14
о	14
ѡȡ	14	26
FCM	14
Feedfo	14
	14
Mining	15	16	17
Third	15
ȷ	19
֪ʶ	19	20
	19
ܴ	21
	23
	24
	25	26
ֵ	25
	26
ȫ	27
ɯɯ	28
½չ	29
о	0	2	5	6	8	10	14	18	19	21	22	24	25	26	28
	0	3
	1
ϸ	2	15	16	17
Ŵ㷨	2	9
Ƕ	3
	3	4	5	6	14	15	16	17	20	21	24	29
growth	4
traditional	4
applying	4
challenges	4
	4	21
	5	6
	5	18
Ų	5
ۺ	6	26
ϸ	6
ʵ	7	27
	7
·	7
	8	12	14	23
	8
	10
Automatic	11
based	11
algorithm	11
Precision	11
FOR	11
Wu Yingliang	11
Rosenblatt	12
	12
Simon Haykin	12
973	14
С	14
Artificial	14
	14
	14
DPFN	14
ѵ	14	23
Bhattach	14
׼	14
	14	23	24	25	26	27
	14
ԭʼ	14
	15	16	17
Ӧ	19
͹	20
	21
׷	21
	21
ͨ	22
MEPG	23
׼	23
Ƶ	23
û	24
񶨴	25
	25
΢	26
ʵ֤	26
	26
Document	26
	27
㷨	27
	27
	0	21
	1	12	14
	1	29
	1	12	24
	1
ȱ	1
	1
ģ	1
֧ϵͳ	2	19
߶	3
ϣ	3
	3	21
ɿ	3
big	4
changing	4
applicable	4
mainstream	4
strategy	4
ھ	5	15	16	17	20
ļ	5
Web	5
ս	5
ר	6	10
	6
չǰ	8	28
	8
ʵü	9
	9
֧	10
	10	15	16	17	19	28
	10
difficult	11
problem	11
evaluation	11
	11	27
Ӧ	11	27
滮	12
863	14
ƻ	14
SLT	14
	14
	14
ƹ	14
Parallel	14
ת	15	16	17
	18
	18
Ϣʱ	20
	20
沿	23
ָ	24
׼	27
	28
	0	14	25
	0	1	2	3	4	5	6	7	8	9	10	11	12	13	14	15	16	17	18	19	20	21	22	23	24	25	26	27	28	29
	1
	1	14
ϵ	1	14	23	24	28
ʵ	1	23	24	25	26	27
	2	9	10	12	13	15	16	17
	2
̽	2	6	19	20
machine	4
learning	4
developing	4
research	4
pointed	4
	5	6	14	21
оչ	5	6	10
ע	5
Ŀ	6
ؼ	6	19
	7	27
˹	7	27
ת	7	14
ͼ	7
AT&T	8
ص	8	21
	8
	9
ԭ	9
Ծ	10
Recall	11
MODELS	11
ݷ	13
ӻ	13
ͳģʽ	14
	14
	14	23	24	26
	14
BayCs	14
	19
Databases	20
	20
	20
ж	20
	20
	21	24
ٶ	21
ֵ	21
仯	21
	21
½	22
˼	22
˶	23
	23	27
	23
	24
	24
	25
	25
㷽	26
ָ	27
20	29
Internet	0
	0	1	12	14	15	16	17	22	28
֧	1	12	14	22	26
ռ	1	14
	1	5	6	14	25	26
	1	14	23	24
	1
Boosting	3	10
	3
ע	3	5	21	29
	3	14	22
ҵ	3
As	4
parallelism	4
Զ	5	6	25	27
б	6
Vapnik	8	22
Support	8	14
˹	9	10
ȫ	10
processing	11
text	11
effectiveness	11
Ϣ	12
	13	14	15	16	17
	13
߽	14
	14
	14
	14
	14
	14
	15	16	17
	15	16	17
	15	16	17
Tools	15	16	17
Edition	15	16
ָ	18	21
	18
	20
	20
г	20
	20
ըʽ	21
	21	24
	22
	23
	23
Դ	24
	24
	25
	25
ȷ	25
IG	26
Inverse	26
	26
	29
һ	29
	0	7	13	19	23	25
о	0	19
ռ	1	18
	1
Ͻ	1	14
	1
	3	14
	3
However	4
	6
	7	12	22	24
	7	14
ֵ	8
ʢ	9
	10
漰	10
	10
language	11
presents	11
model	11
ع	12
ѧ	13
ʵս	13
	14
	14	28
ǰ	14
DPFNN	14
	14
BgyE	14
Ľ	14
	15	16	17
һ	15	16	17
ģ	15	16	17	23	29
Weka	15	16	17
MA Hall	16
״	18
	18
ּ	22
̷	22
	23
ǿ	23
90%	25
Ȩ	25	26
	26
	26
	26
Term	26
	27
ǰ	29
	0
	0	3	10
	1	14	18
	2	14
	2
־ΰ	2
ͳѧ	3
	3	14
	3	5	7	8	14	22	24	27
ı	3
״	3	21	22
fast	4
In	4	11
ı	5	6	7	25	27
ȵ	5	28
ƿ	5
	5	27
϶	6
д	7	27
쵼	8
С	8
	10
	10
This	11
sentence	11
gram	11	27
Viterbi	11	27
ON	11
AND	11
MACHINE	11
֯	12
	13
ճ	13
	13
ģʽʶ	14	18	22
Learning	14	15	16	17
Networks	14
	14
	14	24	26
ȡ	14
	14
ȫ	14	18
Data	15	16	17	21
ʿ	18
	19
	19
һ	20
	20
ѧо	20
ʵ	20
õؽ	22
̷	22
ල	23
	24
	25
	25
Ӱ	26
	27
	28
Ҫ	29
ʯһ	0
ٶ	1	14
	1	14
֤	1
	2	9
Ȼ	3
	3
	3	22
techniques	4
detail	4
	5	6	10	15	16	17	18	20	22	26	27	28	29
	5
	5	6	12	14
	6
չ	6	29
ֽ׶	6
δ	6	18
	7	8	9	10	15	16	17	18	20	21	22	28	29
ڶ	10	15	16	17
texts	11
֪	12
С	12	14
Python	13
PeterHarrington	13
	14
	14
	14
󽵵	14
	14
ָ	14
ṩ	14	24
64	14
ƬQ	18
	20
ѧ	21	29
	21
	21
о	21
	23
ر	23
ͨ	23
FTEA	24
	25
NaIve	26
ͨ	26
ֳ	27
Ϣ	0	7	20	21	26
ʵ	0
ѧϰ	0	1	2	3	4	5	6	7	8	9	10	11	12	13	14	15	16	17	18	19	20	21	22	23	24	25	26	27	28	29
	0	14	19
	1
ŵ	1	14	18
	2	28
	2	19
With	4
11	27
Viterbi	11	27
ON	11
AND	11
MACHINE	11
组织	12
精心	13
日常	13
阐释	13
模式识别	14	18	22
Learning	14	15	16	17
Networks	14
精度	14
因素	14	24	26
特征提取	14
类别	14
全局	14	18
Data	15	16	17	21
谷士文	18
决策	19
过程	19
这一	20
商务	20
科学研究	20
实用	20
好地解决	22
谭东宁	22
监督	23
规则	24
其是	25
不错	25
电影	26
组词	27
郭亚宁	28
简要	29
石纯一	0
速度	1	14
风险	1	14
证明	1
推理	2	9
自然	3
看待	3
框架	3	22
techniques	4
detail	4
领域	5	6	10	15	16	17	18	20	22	26	27	28	29
互联网内容	5
多层	5	6	12	14
焦点	6
进展	6	29
现阶段	6
未来	6	18
介绍	7	8	9	10	15	16	17	18	20	21	22	28	29
众多	10	15	16	17
texts	11
感知器	12
最小	12	14
Python	13
PeterHarrington	13
国家	14
国防	14
深入分析	14
大大降低	14
描述	14
指导	14
提供	14	24
64	14
唐琎	18
笔者	20
学术界	21	29
特性	21
话题	21
研究所	21
表征	23
回避	23
卡通人物	23
FTEA	24
语义	25
NaIve	26
通用性	26
分成	27
信息	0	7	20	21	26
现实	0
学习	0	1	2	3	4	5	6	7	8	9	10	11	12	13	14	15	16	17	18	19	20	21	22	23	24	25	26	27	28	29
经验	0	14	19
零乱	1
优点	1	14	18
基本概念	2	28
智能	2	19
With	4
explosive	4
art	4
analyzed	4
发展	5	6	8	20	22	29
多个	6
姜文波	6	20
本文	7	8	14	18	19	21	25
姚穗	8
聚类分析	10
word	11
method	11
words	11
targets	11
corpus	11
李海洲	11	27
15	12
实例	13
复用	13
难以	14
Statistic	14
函数参数	14
多类	14
纠错	14
长度	14
数学	14
推广性	14
保证	14
给定	14
308	14
220	14
教材	15	16	17
建议	15	16	17
演进	19
人类	20
引发	21
高涨	21
企业	21
实用价值	21
表情	23
动画	23
网格	23
主机	24
1000	24
Bayes	26
效果	26
TF	26
Frequency	26
刘鲁	26
解决	0	1	3	6	14	19	23
运算	1
线性组合	3
损失	3	14
梁洪力	3
paid	4
due	4
introduced	4
信息处理	5
偏斜	5
成绩	6
测估	6
编制	7	27
将切	7
泛化	8
内容	9	10	12	15	16	17
支撑	10
撰文	10
因果	10
search	11
The	11
confirmed	11
experiments	11
open	11
SEGMENTATION	11
BASED	11
分词	11	27
Li Haizhou	11
动力学	12
摒弃	13
高效	13
博士点	14
Neural	14
困难	14	27
用于	14	21	24
Hughes	14
控制	14	20
BKFE	14
波段	14
AVIRIS	14
材料	15	16	17
Pratical	17
关注点	21
缺陷	23
监测数据	24
新闻	25
负面	25
增益	26
工业界	29
多年	29
具体内容	29
迫切需要	0
方法	0	1	2	3	5	6	7	9	12	14	15	16	17	18	19	20	21	22	23	24	25	26	27	29
特征	1	14	23	25	26
分类器	1
构造性	1
测试	1	27
科学家	3
complex	4
small	4
trends	4
一项	6
突破性	6
邵野	6	20
系统	7	12	23	24
迁移	10
2009	10
computer	11
segmenting	11
closed	11
CHINESE	11
编排	13
切入	13
有限	14	22
样本	14	22	24
光谱	14
原则	14
判决	14
面仅	14
选择	14	24	25
层权值	14
推广应用	14
模式	14
情况	14	22
自第	15	16	17
着重	18	22
庞大	20
产业界	21
Big	21
采集	21
多样	21
思考	22
可用	23
2D	23
高文	23
消费者	24
桂小林	24
准确率	25
词汇	25
刘志明	26
此基础	27
自然语言	29
基础理论	29
朱军	29
